{
 "cells": [
  {
   "cell_type": "code",
   "execution_count": 62,
   "metadata": {},
   "outputs": [],
   "source": [
    "import pandas as pd\n",
    "import numpy as np\n",
    "import matplotlib.pyplot as plt\n",
    "import seaborn as sns\n",
    "\n",
    "df_visits = pd.read_csv('MSNBC visits per page per user.csv')\n",
    "df_category_freq = pd.read_csv('MSNBC visits per page.csv')\n",
    "exploded_df = pd.read_csv('MSNBC network edge weights calc.csv')\n",
    "df_entry_freq = pd.read_csv('MSNBC first visited pages per user.csv')"
   ]
  },
  {
   "cell_type": "code",
   "execution_count": 63,
   "metadata": {},
   "outputs": [
    {
     "data": {
      "text/html": [
       "<div>\n",
       "<style scoped>\n",
       "    .dataframe tbody tr th:only-of-type {\n",
       "        vertical-align: middle;\n",
       "    }\n",
       "\n",
       "    .dataframe tbody tr th {\n",
       "        vertical-align: top;\n",
       "    }\n",
       "\n",
       "    .dataframe thead th {\n",
       "        text-align: right;\n",
       "    }\n",
       "</style>\n",
       "<table border=\"1\" class=\"dataframe\">\n",
       "  <thead>\n",
       "    <tr style=\"text-align: right;\">\n",
       "      <th></th>\n",
       "      <th>site_id</th>\n",
       "      <th>site_description</th>\n",
       "      <th>site_visit_counts</th>\n",
       "      <th>normalized_site_visit_counts</th>\n",
       "    </tr>\n",
       "  </thead>\n",
       "  <tbody>\n",
       "    <tr>\n",
       "      <td>0</td>\n",
       "      <td>1</td>\n",
       "      <td>frontpage</td>\n",
       "      <td>940469</td>\n",
       "      <td>0.200151</td>\n",
       "    </tr>\n",
       "    <tr>\n",
       "      <td>1</td>\n",
       "      <td>2</td>\n",
       "      <td>news</td>\n",
       "      <td>452387</td>\n",
       "      <td>0.096277</td>\n",
       "    </tr>\n",
       "    <tr>\n",
       "      <td>2</td>\n",
       "      <td>3</td>\n",
       "      <td>tech</td>\n",
       "      <td>207479</td>\n",
       "      <td>0.044156</td>\n",
       "    </tr>\n",
       "    <tr>\n",
       "      <td>3</td>\n",
       "      <td>4</td>\n",
       "      <td>local</td>\n",
       "      <td>386217</td>\n",
       "      <td>0.082195</td>\n",
       "    </tr>\n",
       "    <tr>\n",
       "      <td>4</td>\n",
       "      <td>5</td>\n",
       "      <td>opinion</td>\n",
       "      <td>151409</td>\n",
       "      <td>0.032223</td>\n",
       "    </tr>\n",
       "    <tr>\n",
       "      <td>5</td>\n",
       "      <td>6</td>\n",
       "      <td>on-air</td>\n",
       "      <td>414928</td>\n",
       "      <td>0.088305</td>\n",
       "    </tr>\n",
       "    <tr>\n",
       "      <td>6</td>\n",
       "      <td>7</td>\n",
       "      <td>misc</td>\n",
       "      <td>305615</td>\n",
       "      <td>0.065041</td>\n",
       "    </tr>\n",
       "    <tr>\n",
       "      <td>7</td>\n",
       "      <td>8</td>\n",
       "      <td>weather</td>\n",
       "      <td>439398</td>\n",
       "      <td>0.093513</td>\n",
       "    </tr>\n",
       "    <tr>\n",
       "      <td>8</td>\n",
       "      <td>9</td>\n",
       "      <td>msn-news</td>\n",
       "      <td>196614</td>\n",
       "      <td>0.041844</td>\n",
       "    </tr>\n",
       "    <tr>\n",
       "      <td>9</td>\n",
       "      <td>10</td>\n",
       "      <td>health</td>\n",
       "      <td>131760</td>\n",
       "      <td>0.028041</td>\n",
       "    </tr>\n",
       "    <tr>\n",
       "      <td>10</td>\n",
       "      <td>11</td>\n",
       "      <td>living</td>\n",
       "      <td>96817</td>\n",
       "      <td>0.020605</td>\n",
       "    </tr>\n",
       "    <tr>\n",
       "      <td>11</td>\n",
       "      <td>12</td>\n",
       "      <td>business</td>\n",
       "      <td>264899</td>\n",
       "      <td>0.056376</td>\n",
       "    </tr>\n",
       "    <tr>\n",
       "      <td>12</td>\n",
       "      <td>13</td>\n",
       "      <td>msn-sports</td>\n",
       "      <td>216125</td>\n",
       "      <td>0.045996</td>\n",
       "    </tr>\n",
       "    <tr>\n",
       "      <td>13</td>\n",
       "      <td>14</td>\n",
       "      <td>sports</td>\n",
       "      <td>395880</td>\n",
       "      <td>0.084251</td>\n",
       "    </tr>\n",
       "    <tr>\n",
       "      <td>14</td>\n",
       "      <td>15</td>\n",
       "      <td>summary</td>\n",
       "      <td>56576</td>\n",
       "      <td>0.012041</td>\n",
       "    </tr>\n",
       "    <tr>\n",
       "      <td>15</td>\n",
       "      <td>16</td>\n",
       "      <td>bbs</td>\n",
       "      <td>25249</td>\n",
       "      <td>0.005374</td>\n",
       "    </tr>\n",
       "    <tr>\n",
       "      <td>16</td>\n",
       "      <td>17</td>\n",
       "      <td>travel</td>\n",
       "      <td>16972</td>\n",
       "      <td>0.003612</td>\n",
       "    </tr>\n",
       "  </tbody>\n",
       "</table>\n",
       "</div>"
      ],
      "text/plain": [
       "    site_id site_description  site_visit_counts  normalized_site_visit_counts\n",
       "0         1        frontpage             940469                      0.200151\n",
       "1         2             news             452387                      0.096277\n",
       "2         3             tech             207479                      0.044156\n",
       "3         4            local             386217                      0.082195\n",
       "4         5          opinion             151409                      0.032223\n",
       "5         6           on-air             414928                      0.088305\n",
       "6         7             misc             305615                      0.065041\n",
       "7         8          weather             439398                      0.093513\n",
       "8         9         msn-news             196614                      0.041844\n",
       "9        10           health             131760                      0.028041\n",
       "10       11           living              96817                      0.020605\n",
       "11       12         business             264899                      0.056376\n",
       "12       13       msn-sports             216125                      0.045996\n",
       "13       14           sports             395880                      0.084251\n",
       "14       15          summary              56576                      0.012041\n",
       "15       16              bbs              25249                      0.005374\n",
       "16       17           travel              16972                      0.003612"
      ]
     },
     "execution_count": 63,
     "metadata": {},
     "output_type": "execute_result"
    }
   ],
   "source": [
    "#normalize node weights\n",
    "\n",
    "category_df_norm = df_category_freq\n",
    "visit_total = category_df_norm['site_visit_counts'].sum()\n",
    "category_df_norm['normalized_site_visit_counts']= category_df_norm['site_visit_counts']\\\n",
    ".apply(lambda x: round(float(x)/visit_total , 10)) \n",
    "\n",
    "category_df_norm.columns = ['site_id', 'site_description', 'site_visit_counts', 'normalized_site_visit_counts']\n",
    "\n",
    "category_df_norm"
   ]
  },
  {
   "cell_type": "code",
   "execution_count": 64,
   "metadata": {},
   "outputs": [
    {
     "data": {
      "text/html": [
       "<div>\n",
       "<style scoped>\n",
       "    .dataframe tbody tr th:only-of-type {\n",
       "        vertical-align: middle;\n",
       "    }\n",
       "\n",
       "    .dataframe tbody tr th {\n",
       "        vertical-align: top;\n",
       "    }\n",
       "\n",
       "    .dataframe thead th {\n",
       "        text-align: right;\n",
       "    }\n",
       "</style>\n",
       "<table border=\"1\" class=\"dataframe\">\n",
       "  <thead>\n",
       "    <tr style=\"text-align: right;\">\n",
       "      <th></th>\n",
       "      <th>edge_path</th>\n",
       "      <th>edge_path_counts</th>\n",
       "    </tr>\n",
       "  </thead>\n",
       "  <tbody>\n",
       "    <tr>\n",
       "      <td>0</td>\n",
       "      <td>(frontpage, frontpage)</td>\n",
       "      <td>627288</td>\n",
       "    </tr>\n",
       "    <tr>\n",
       "      <td>1</td>\n",
       "      <td>(weather, weather)</td>\n",
       "      <td>343783</td>\n",
       "    </tr>\n",
       "    <tr>\n",
       "      <td>2</td>\n",
       "      <td>(news, news)</td>\n",
       "      <td>277101</td>\n",
       "    </tr>\n",
       "    <tr>\n",
       "      <td>3</td>\n",
       "      <td>(sports, sports)</td>\n",
       "      <td>276742</td>\n",
       "    </tr>\n",
       "    <tr>\n",
       "      <td>4</td>\n",
       "      <td>(local, local)</td>\n",
       "      <td>264498</td>\n",
       "    </tr>\n",
       "    <tr>\n",
       "      <td>...</td>\n",
       "      <td>...</td>\n",
       "      <td>...</td>\n",
       "    </tr>\n",
       "    <tr>\n",
       "      <td>165</td>\n",
       "      <td>(msn-news, bbs)</td>\n",
       "      <td>31</td>\n",
       "    </tr>\n",
       "    <tr>\n",
       "      <td>166</td>\n",
       "      <td>(tech, bbs)</td>\n",
       "      <td>29</td>\n",
       "    </tr>\n",
       "    <tr>\n",
       "      <td>167</td>\n",
       "      <td>(local, bbs)</td>\n",
       "      <td>28</td>\n",
       "    </tr>\n",
       "    <tr>\n",
       "      <td>168</td>\n",
       "      <td>(msn-sports, travel)</td>\n",
       "      <td>27</td>\n",
       "    </tr>\n",
       "    <tr>\n",
       "      <td>169</td>\n",
       "      <td>(msn-sports, bbs)</td>\n",
       "      <td>16</td>\n",
       "    </tr>\n",
       "  </tbody>\n",
       "</table>\n",
       "<p>170 rows × 2 columns</p>\n",
       "</div>"
      ],
      "text/plain": [
       "                  edge_path  edge_path_counts\n",
       "0    (frontpage, frontpage)            627288\n",
       "1        (weather, weather)            343783\n",
       "2              (news, news)            277101\n",
       "3          (sports, sports)            276742\n",
       "4            (local, local)            264498\n",
       "..                      ...               ...\n",
       "165         (msn-news, bbs)                31\n",
       "166             (tech, bbs)                29\n",
       "167            (local, bbs)                28\n",
       "168    (msn-sports, travel)                27\n",
       "169       (msn-sports, bbs)                16\n",
       "\n",
       "[170 rows x 2 columns]"
      ]
     },
     "execution_count": 64,
     "metadata": {},
     "output_type": "execute_result"
    }
   ],
   "source": [
    "#Generate edge weight table\n",
    "\n",
    "exploded_df['edge_path'] = list(zip(exploded_df.site_id, exploded_df.next_sequence))\n",
    "exploded_df['edge_path_desc'] = list(zip(exploded_df.site_description, exploded_df.next_sequence_desc))\n",
    "\n",
    "#calculate edge weights\n",
    "\n",
    "weights_df =exploded_df['edge_path_desc'].value_counts().reset_index()\n",
    "weights_df.columns = ['edge_path', 'edge_path_counts']\n",
    "\n",
    "weights_df"
   ]
  },
  {
   "cell_type": "code",
   "execution_count": 65,
   "metadata": {},
   "outputs": [
    {
     "data": {
      "text/html": [
       "<div>\n",
       "<style scoped>\n",
       "    .dataframe tbody tr th:only-of-type {\n",
       "        vertical-align: middle;\n",
       "    }\n",
       "\n",
       "    .dataframe tbody tr th {\n",
       "        vertical-align: top;\n",
       "    }\n",
       "\n",
       "    .dataframe thead th {\n",
       "        text-align: right;\n",
       "    }\n",
       "</style>\n",
       "<table border=\"1\" class=\"dataframe\">\n",
       "  <thead>\n",
       "    <tr style=\"text-align: right;\">\n",
       "      <th></th>\n",
       "      <th>edge_path</th>\n",
       "      <th>edge_path_counts</th>\n",
       "      <th>normalized_edge_path</th>\n",
       "    </tr>\n",
       "  </thead>\n",
       "  <tbody>\n",
       "    <tr>\n",
       "      <td>0</td>\n",
       "      <td>(frontpage, frontpage)</td>\n",
       "      <td>627288</td>\n",
       "      <td>0.133500</td>\n",
       "    </tr>\n",
       "    <tr>\n",
       "      <td>1</td>\n",
       "      <td>(weather, weather)</td>\n",
       "      <td>343783</td>\n",
       "      <td>0.073164</td>\n",
       "    </tr>\n",
       "    <tr>\n",
       "      <td>2</td>\n",
       "      <td>(news, news)</td>\n",
       "      <td>277101</td>\n",
       "      <td>0.058973</td>\n",
       "    </tr>\n",
       "    <tr>\n",
       "      <td>3</td>\n",
       "      <td>(sports, sports)</td>\n",
       "      <td>276742</td>\n",
       "      <td>0.058896</td>\n",
       "    </tr>\n",
       "    <tr>\n",
       "      <td>4</td>\n",
       "      <td>(local, local)</td>\n",
       "      <td>264498</td>\n",
       "      <td>0.056291</td>\n",
       "    </tr>\n",
       "    <tr>\n",
       "      <td>...</td>\n",
       "      <td>...</td>\n",
       "      <td>...</td>\n",
       "      <td>...</td>\n",
       "    </tr>\n",
       "    <tr>\n",
       "      <td>165</td>\n",
       "      <td>(msn-news, bbs)</td>\n",
       "      <td>31</td>\n",
       "      <td>0.000007</td>\n",
       "    </tr>\n",
       "    <tr>\n",
       "      <td>166</td>\n",
       "      <td>(tech, bbs)</td>\n",
       "      <td>29</td>\n",
       "      <td>0.000006</td>\n",
       "    </tr>\n",
       "    <tr>\n",
       "      <td>167</td>\n",
       "      <td>(local, bbs)</td>\n",
       "      <td>28</td>\n",
       "      <td>0.000006</td>\n",
       "    </tr>\n",
       "    <tr>\n",
       "      <td>168</td>\n",
       "      <td>(msn-sports, travel)</td>\n",
       "      <td>27</td>\n",
       "      <td>0.000006</td>\n",
       "    </tr>\n",
       "    <tr>\n",
       "      <td>169</td>\n",
       "      <td>(msn-sports, bbs)</td>\n",
       "      <td>16</td>\n",
       "      <td>0.000003</td>\n",
       "    </tr>\n",
       "  </tbody>\n",
       "</table>\n",
       "<p>170 rows × 3 columns</p>\n",
       "</div>"
      ],
      "text/plain": [
       "                  edge_path  edge_path_counts  normalized_edge_path\n",
       "0    (frontpage, frontpage)            627288              0.133500\n",
       "1        (weather, weather)            343783              0.073164\n",
       "2              (news, news)            277101              0.058973\n",
       "3          (sports, sports)            276742              0.058896\n",
       "4            (local, local)            264498              0.056291\n",
       "..                      ...               ...                   ...\n",
       "165         (msn-news, bbs)                31              0.000007\n",
       "166             (tech, bbs)                29              0.000006\n",
       "167            (local, bbs)                28              0.000006\n",
       "168    (msn-sports, travel)                27              0.000006\n",
       "169       (msn-sports, bbs)                16              0.000003\n",
       "\n",
       "[170 rows x 3 columns]"
      ]
     },
     "execution_count": 65,
     "metadata": {},
     "output_type": "execute_result"
    }
   ],
   "source": [
    "#Generate normalized edge weight table\n",
    "\n",
    "weights_df_norm = weights_df\n",
    "col_total = weights_df_norm['edge_path_counts'].sum()\n",
    "weights_df_norm['normalized_edge_path']= weights_df_norm['edge_path_counts']\\\n",
    ".apply(lambda x: round(float(x)/col_total , 10)) \n",
    "\n",
    "weights_df_norm.columns = ['edge_path', 'edge_path_counts', 'normalized_edge_path']\n",
    "\n",
    "weights_df_norm"
   ]
  },
  {
   "cell_type": "code",
   "execution_count": 66,
   "metadata": {
    "scrolled": false
   },
   "outputs": [
    {
     "name": "stdout",
     "output_type": "stream",
     "text": [
      "['frontpage', 'news', 'tech', 'local', 'opinion', 'on-air', 'misc', 'weather', 'msn-news', 'health', 'living', 'business', 'msn-sports', 'sports', 'summary', 'bbs', 'travel', nan]\n",
      "940469\n",
      "[('frontpage', 'frontpage'), ('frontpage', nan), ('frontpage', 'news'), ('frontpage', 'local'), ('frontpage', 'on-air'), ('frontpage', 'tech'), ('frontpage', 'business'), ('frontpage', 'sports'), ('frontpage', 'living'), ('frontpage', 'misc'), ('frontpage', 'health'), ('frontpage', 'opinion'), ('frontpage', 'weather'), ('frontpage', 'msn-news'), ('frontpage', 'msn-sports'), ('frontpage', 'summary'), ('frontpage', 'travel'), ('frontpage', 'bbs'), ('news', 'news'), ('news', nan), ('news', 'tech'), ('news', 'local'), ('news', 'on-air'), ('news', 'business'), ('news', 'sports'), ('news', 'weather'), ('news', 'health'), ('news', 'living'), ('news', 'misc'), ('news', 'opinion'), ('news', 'msn-news'), ('news', 'summary'), ('news', 'travel'), ('news', 'msn-sports'), ('news', 'bbs'), ('tech', 'tech'), ('tech', nan), ('tech', 'local'), ('tech', 'on-air'), ('tech', 'business'), ('tech', 'msn-news'), ('tech', 'health'), ('tech', 'opinion'), ('tech', 'living'), ('tech', 'sports'), ('tech', 'weather'), ('tech', 'misc'), ('tech', 'summary'), ('tech', 'msn-sports'), ('tech', 'travel'), ('tech', 'bbs'), ('local', 'local'), ('local', nan), ('local', 'on-air'), ('local', 'misc'), ('local', 'msn-news'), ('local', 'opinion'), ('local', 'business'), ('local', 'weather'), ('local', 'living'), ('local', 'sports'), ('local', 'health'), ('local', 'msn-sports'), ('local', 'summary'), ('local', 'travel'), ('local', 'bbs'), ('opinion', 'opinion'), ('opinion', nan), ('opinion', 'on-air'), ('opinion', 'msn-news'), ('opinion', 'living'), ('opinion', 'misc'), ('opinion', 'health'), ('opinion', 'business'), ('opinion', 'weather'), ('opinion', 'sports'), ('opinion', 'summary'), ('opinion', 'msn-sports'), ('opinion', 'travel'), ('opinion', 'bbs'), ('on-air', 'on-air'), ('on-air', nan), ('on-air', 'misc'), ('on-air', 'msn-news'), ('on-air', 'health'), ('on-air', 'weather'), ('on-air', 'living'), ('on-air', 'summary'), ('on-air', 'business'), ('on-air', 'sports'), ('on-air', 'msn-sports'), ('on-air', 'travel'), ('on-air', 'bbs'), ('misc', 'misc'), ('misc', nan), ('misc', 'msn-news'), ('misc', 'weather'), ('misc', 'msn-sports'), ('misc', 'health'), ('misc', 'business'), ('misc', 'sports'), ('misc', 'living'), ('misc', 'summary'), ('misc', 'travel'), ('misc', 'bbs'), ('weather', 'weather'), ('weather', nan), ('weather', 'msn-news'), ('weather', 'msn-sports'), ('weather', 'health'), ('weather', 'sports'), ('weather', 'business'), ('weather', 'living'), ('weather', 'summary'), ('weather', 'travel'), ('weather', 'bbs'), ('msn-news', 'msn-news'), ('msn-news', nan), ('msn-news', 'business'), ('msn-news', 'msn-sports'), ('msn-news', 'living'), ('msn-news', 'health'), ('msn-news', 'sports'), ('msn-news', 'summary'), ('msn-news', 'travel'), ('msn-news', 'bbs'), ('health', 'health'), ('health', nan), ('health', 'living'), ('health', 'business'), ('health', 'summary'), ('health', 'sports'), ('health', 'travel'), ('health', 'msn-sports'), ('health', 'bbs'), ('living', 'living'), ('living', nan), ('living', 'business'), ('living', 'sports'), ('living', 'summary'), ('living', 'travel'), ('living', 'msn-sports'), ('living', 'bbs'), ('business', 'business'), ('business', nan), ('business', 'sports'), ('business', 'msn-sports'), ('business', 'summary'), ('business', 'travel'), ('business', 'bbs'), ('msn-sports', 'msn-sports'), ('msn-sports', nan), ('msn-sports', 'sports'), ('msn-sports', 'summary'), ('msn-sports', 'travel'), ('msn-sports', 'bbs'), ('sports', 'sports'), ('sports', nan), ('sports', 'summary'), ('sports', 'travel'), ('sports', 'bbs'), ('summary', nan), ('summary', 'summary'), ('summary', 'travel'), ('summary', 'bbs'), ('bbs', 'bbs'), ('bbs', nan), ('bbs', 'travel'), ('travel', nan), ('travel', 'travel')]\n",
      "[[627288  74704  18661  20314   4869  19030  10156   4205   2528   6653\n",
      "   10625  14682   1250  13627    952    271    919 109735]\n",
      " [ 74704 277101  25292  21774   4426  12885   4550   5134   2994   4920\n",
      "    4638   6930    322   5240   1400     57    494  74230]\n",
      " [ 18661  25292  85531  13962   3539  10461   1814   2047   4936   3972\n",
      "    3187   5424    628   2609   1051     29    346  67943]\n",
      " [ 20314  21774  13962 264498   5111  19358  18309   4274   8586   3176\n",
      "    4004   4391   1815   3609    523     28    279  48256]\n",
      " [  4869   4426   3539   5111 126422   7329   1440    906   2211   1143\n",
      "    1914   1012    128    704    612    101    110   7377]\n",
      " [ 19030  12885  10461  19358   7329 197827  33283   7139  10197   8472\n",
      "    5553   5123   2866   3596   5532    217    240 134883]\n",
      " [ 10156   4550   1814  18309   1440  33283 225101   8537  10707   5712\n",
      "    3578   4412   6963   4155   2583     80    422  33365]\n",
      " [  4205   5134   2047   4274    906   7139   8537 343783   7904   2764\n",
      "    1874   2381   3045   2540    713     32    147  74215]\n",
      " [  2528   2994   4936   8586   2211  10197  10707   7904 106422   3527\n",
      "    3759   8336   6904   2143    599     31     95  64798]\n",
      " [  6653   4920   3972   3176   1143   8472   5712   2764   3527  81154\n",
      "    7166   6289    443   2422   2727     87    444  31028]\n",
      " [ 10625   4638   3187   4004   1914   5553   3578   1874   3759   7166\n",
      "   39220  10479    972   5585   2593     85   2500  35383]\n",
      " [ 14682   6930   5424   4391   1012   5123   4412   2381   8336   6289\n",
      "   10479 152716   2571  10801   2431    107   1790  94483]\n",
      " [  1250    322    628   1815    128   2866   6963   3045   6904    443\n",
      "     972   2571 139177  18013    227     16     27  58665]\n",
      " [ 13627   5240   2609   3609    704   3596   4155   2540   2143   2422\n",
      "    5585  10801  18013 276742   3061    450   1565 114062]\n",
      " [   952   1400   1051    523    612   5532   2583    713    599   2727\n",
      "    2593   2431    227   3061  27376    234    587  28379]\n",
      " [   271     57     29     28    101    217     80     32     31     87\n",
      "      85    107     16    450    234  23167     72   2010]\n",
      " [   919    494    346    279    110    240    422    147     95    444\n",
      "    2500   1790     27   1565    587     72   5966  11006]\n",
      " [109735  74230  67943  48256   7377 134883  33365  74215  64798  31028\n",
      "   35383  94483  58665 114062  28379   2010  11006      0]]\n"
     ]
    },
    {
     "data": {
      "text/plain": [
       "[{'bbs',\n",
       "  'business',\n",
       "  'frontpage',\n",
       "  'health',\n",
       "  'living',\n",
       "  'local',\n",
       "  'misc',\n",
       "  'msn-news',\n",
       "  'msn-sports',\n",
       "  nan,\n",
       "  'news',\n",
       "  'on-air',\n",
       "  'opinion',\n",
       "  'sports',\n",
       "  'summary',\n",
       "  'tech',\n",
       "  'travel',\n",
       "  'weather'}]"
      ]
     },
     "execution_count": 66,
     "metadata": {},
     "output_type": "execute_result"
    }
   ],
   "source": [
    "# Generate NetworkX graph with all the nodes and nan\n",
    "# NetworkX version 2.3\n",
    "\n",
    "import networkx as nx\n",
    "\n",
    "G = nx.Graph()\n",
    "\n",
    "node_name = df_category_freq['site_description']\n",
    "node_weight = df_category_freq['site_visit_counts']\n",
    "\n",
    "nw_dict1 = dict(zip(node_name, node_weight))\n",
    "\n",
    "edges = weights_df['edge_path']\n",
    "edge_weights = weights_df['edge_path_counts']\n",
    "\n",
    "ew_dict1 = dict(zip(edges, edge_weights))\n",
    "\n",
    "for nn in node_name:\n",
    "    G.add_node(nn, weight=nw_dict1[nn])\n",
    "\n",
    "for ew in ew_dict1:\n",
    "    G.add_edge(ew[0], ew[1], weight = ew_dict1[ew])\n",
    "    \n",
    "print(G.nodes)\n",
    "print(G.node['frontpage']['weight'])\n",
    "print(G.edges)\n",
    "print(nx.adjacency_matrix(G).todense())\n",
    "sorted(nx.connected_components(G), key = len, reverse=True)"
   ]
  },
  {
   "cell_type": "code",
   "execution_count": 87,
   "metadata": {},
   "outputs": [
    {
     "name": "stdout",
     "output_type": "stream",
     "text": [
      "['frontpage', 'news', 'tech', 'local', 'opinion', 'on-air', 'misc', 'weather', 'msn-news', 'health', 'living', 'business', 'msn-sports', 'sports', 'summary', 'bbs', 'travel']\n",
      "[('frontpage', 0.31029706790000006), ('news', 0.15535092629999997), ('tech', 0.057252988800000015), ('local', 0.14014425800000002), ('opinion', 0.061377238400000006), ('on-air', 0.1163990164), ('misc', 0.1206486175), ('weather', 0.15774430620000002), ('msn-news', 0.06135638210000001), ('health', 0.047294050099999985), ('living', 0.0312744077), ('business', 0.08355143890000002), ('msn-sports', 0.0690696379), ('sports', 0.13484396250000003), ('summary', 0.017148442899999998), ('bbs', 0.0102645489), ('travel', 0.004675455100000001)]\n",
      "[('frontpage', 'frontpage'), ('frontpage', 'news'), ('frontpage', 'local'), ('frontpage', 'on-air'), ('frontpage', 'tech'), ('frontpage', 'business'), ('frontpage', 'sports'), ('frontpage', 'living'), ('frontpage', 'misc'), ('frontpage', 'health'), ('frontpage', 'opinion'), ('frontpage', 'weather'), ('frontpage', 'msn-news'), ('frontpage', 'msn-sports'), ('frontpage', 'summary'), ('frontpage', 'travel'), ('frontpage', 'bbs'), ('news', 'news'), ('news', 'tech'), ('news', 'local'), ('news', 'on-air'), ('news', 'business'), ('news', 'sports'), ('news', 'weather'), ('news', 'health'), ('news', 'living'), ('news', 'misc'), ('news', 'opinion'), ('news', 'msn-news'), ('news', 'summary'), ('news', 'travel'), ('news', 'msn-sports'), ('news', 'bbs'), ('tech', 'tech'), ('tech', 'local'), ('tech', 'on-air'), ('tech', 'business'), ('tech', 'msn-news'), ('tech', 'health'), ('tech', 'opinion'), ('tech', 'living'), ('tech', 'sports'), ('tech', 'weather'), ('tech', 'misc'), ('tech', 'summary'), ('tech', 'msn-sports'), ('tech', 'travel'), ('tech', 'bbs'), ('local', 'local'), ('local', 'on-air'), ('local', 'misc'), ('local', 'msn-news'), ('local', 'opinion'), ('local', 'business'), ('local', 'weather'), ('local', 'living'), ('local', 'sports'), ('local', 'health'), ('local', 'msn-sports'), ('local', 'summary'), ('local', 'travel'), ('local', 'bbs'), ('opinion', 'opinion'), ('opinion', 'on-air'), ('opinion', 'msn-news'), ('opinion', 'living'), ('opinion', 'misc'), ('opinion', 'health'), ('opinion', 'business'), ('opinion', 'weather'), ('opinion', 'sports'), ('opinion', 'summary'), ('opinion', 'msn-sports'), ('opinion', 'travel'), ('opinion', 'bbs'), ('on-air', 'on-air'), ('on-air', 'misc'), ('on-air', 'msn-news'), ('on-air', 'health'), ('on-air', 'weather'), ('on-air', 'living'), ('on-air', 'summary'), ('on-air', 'business'), ('on-air', 'sports'), ('on-air', 'msn-sports'), ('on-air', 'travel'), ('on-air', 'bbs'), ('misc', 'misc'), ('misc', 'msn-news'), ('misc', 'weather'), ('misc', 'msn-sports'), ('misc', 'health'), ('misc', 'business'), ('misc', 'sports'), ('misc', 'living'), ('misc', 'summary'), ('misc', 'travel'), ('misc', 'bbs'), ('weather', 'weather'), ('weather', 'msn-news'), ('weather', 'msn-sports'), ('weather', 'health'), ('weather', 'sports'), ('weather', 'business'), ('weather', 'living'), ('weather', 'summary'), ('weather', 'travel'), ('weather', 'bbs'), ('msn-news', 'msn-news'), ('msn-news', 'business'), ('msn-news', 'msn-sports'), ('msn-news', 'living'), ('msn-news', 'health'), ('msn-news', 'sports'), ('msn-news', 'summary'), ('msn-news', 'travel'), ('msn-news', 'bbs'), ('health', 'health'), ('health', 'living'), ('health', 'business'), ('health', 'summary'), ('health', 'sports'), ('health', 'travel'), ('health', 'msn-sports'), ('health', 'bbs'), ('living', 'living'), ('living', 'business'), ('living', 'sports'), ('living', 'summary'), ('living', 'travel'), ('living', 'msn-sports'), ('living', 'bbs'), ('business', 'business'), ('business', 'sports'), ('business', 'msn-sports'), ('business', 'summary'), ('business', 'travel'), ('business', 'bbs'), ('msn-sports', 'msn-sports'), ('msn-sports', 'sports'), ('msn-sports', 'summary'), ('msn-sports', 'travel'), ('msn-sports', 'bbs'), ('sports', 'sports'), ('sports', 'summary'), ('sports', 'travel'), ('sports', 'bbs'), ('summary', 'summary'), ('summary', 'travel'), ('summary', 'bbs'), ('bbs', 'bbs'), ('bbs', 'travel'), ('travel', 'travel')]\n",
      "[[1.33499787e-01 1.58985476e-02 3.97144460e-03 4.32323700e-03\n",
      "  1.03622330e-03 4.04997540e-03 2.16140570e-03 8.94910500e-04\n",
      "  5.38010400e-04 1.41589520e-03 2.26121850e-03 3.12463160e-03\n",
      "  2.66025700e-04 2.90010590e-03 2.02605200e-04 5.76744000e-05\n",
      "  1.95582100e-04]\n",
      " [1.58985476e-02 5.89727917e-02 5.38265780e-03 4.63395500e-03\n",
      "  9.41943800e-04 2.74219300e-03 9.68333600e-04 1.09262080e-03\n",
      "  6.37184800e-04 1.04707720e-03 9.87061800e-04 1.47484650e-03\n",
      "  6.85282000e-05 1.11517980e-03 2.97948800e-04 1.21308000e-05\n",
      "  1.05133400e-04]\n",
      " [3.97144460e-03 5.38265780e-03 1.82027559e-02 2.97140070e-03\n",
      "  7.53172000e-04 2.22631590e-03 3.86056500e-04 4.35643700e-04\n",
      "  1.05048230e-03 8.45323300e-04 6.78259100e-04 1.15433880e-03\n",
      "  1.33651300e-04 5.55248900e-04 2.23674400e-04 6.17180000e-06\n",
      "  7.36359000e-05]\n",
      " [4.32323700e-03 4.63395500e-03 2.97140070e-03 5.62906141e-02\n",
      "  1.08772590e-03 4.11978050e-03 3.89653170e-03 9.09595100e-04\n",
      "  1.82727740e-03 6.75918100e-04 8.52133500e-04 9.34495100e-04\n",
      "  3.86269300e-04 7.68069400e-04 1.11305200e-04 5.95900000e-06\n",
      "  5.93769000e-05]\n",
      " [1.03622330e-03 9.41943800e-04 7.53172000e-04 1.08772590e-03\n",
      "  2.69052016e-02 1.55976190e-03 3.06461600e-04 1.92815400e-04\n",
      "  4.70546300e-04 2.43253900e-04 4.07338600e-04 2.15374400e-04\n",
      "  2.72410000e-05 1.49825700e-04 1.30246200e-04 2.14949000e-05\n",
      "  2.34103000e-05]\n",
      " [4.04997540e-03 2.74219300e-03 2.22631590e-03 4.11978050e-03\n",
      "  1.55976190e-03 4.21016542e-02 7.08330690e-03 1.51932600e-03\n",
      "  2.17013130e-03 1.80301580e-03 1.18179260e-03 1.09027980e-03\n",
      "  6.09943700e-04 7.65302800e-04 1.17732340e-03 4.61821000e-05\n",
      "  5.10769000e-05]\n",
      " [2.16140570e-03 9.68333600e-04 3.86056500e-04 3.89653170e-03\n",
      "  3.06461600e-04 7.08330690e-03 4.79061223e-02 1.81684920e-03\n",
      "  2.27866980e-03 1.21563110e-03 7.61472000e-04 9.38964300e-04\n",
      "  1.48186960e-03 8.84269500e-04 5.49715500e-04 1.70256000e-05\n",
      "  8.98103000e-05]\n",
      " [8.94910500e-04 1.09262080e-03 4.35643700e-04 9.09595100e-04\n",
      "  1.92815400e-04 1.51932600e-03 1.81684920e-03 7.31640927e-02\n",
      "  1.68213380e-03 5.88236000e-04 3.98825700e-04 5.06725800e-04\n",
      "  6.48038600e-04 5.40564200e-04 1.51741100e-04 6.81030000e-06\n",
      "  3.12846000e-05]\n",
      " [5.38010400e-04 6.37184800e-04 1.05048230e-03 1.82727740e-03\n",
      "  4.70546300e-04 2.17013130e-03 2.27866980e-03 1.68213380e-03\n",
      "  2.26487903e-02 7.50618100e-04 7.99992500e-04 1.77407220e-03\n",
      "  1.46931320e-03 4.56074500e-04 1.27479500e-04 6.59740000e-06\n",
      "  2.02180000e-05]\n",
      " [1.41589520e-03 1.04707720e-03 8.45323300e-04 6.75918100e-04\n",
      "  2.43253900e-04 1.80301580e-03 1.21563110e-03 5.88236000e-04\n",
      "  7.50618100e-04 1.72712402e-02 1.52507220e-03 1.33842850e-03\n",
      "  9.42795000e-05 5.15451400e-04 5.80361700e-04 1.85154000e-05\n",
      "  9.44923000e-05]\n",
      " [2.26121850e-03 9.87061800e-04 6.78259100e-04 8.52133500e-04\n",
      "  4.07338600e-04 1.18179260e-03 7.61472000e-04 3.98825700e-04\n",
      "  7.99992500e-04 1.52507220e-03 8.34682260e-03 2.23014670e-03\n",
      "  2.06861600e-04 1.18860290e-03 5.51843700e-04 1.80897000e-05\n",
      "  5.32051400e-04]\n",
      " [3.12463160e-03 1.47484650e-03 1.15433880e-03 9.34495100e-04\n",
      "  2.15374400e-04 1.09027980e-03 9.38964300e-04 5.06725800e-04\n",
      "  1.77407220e-03 1.33842850e-03 2.23014670e-03 3.25011056e-02\n",
      "  5.47161700e-04 2.29867490e-03 5.17366800e-04 2.27718000e-05\n",
      "  3.80948800e-04]\n",
      " [2.66025700e-04 6.85282000e-05 1.33651300e-04 3.86269300e-04\n",
      "  2.72410000e-05 6.09943700e-04 1.48186960e-03 6.48038600e-04\n",
      "  1.46931320e-03 9.42795000e-05 2.06861600e-04 5.47161700e-04\n",
      "  2.96197280e-02 3.83353690e-03 4.83103000e-05 3.40510000e-06\n",
      "  5.74620000e-06]\n",
      " [2.90010590e-03 1.11517980e-03 5.55248900e-04 7.68069400e-04\n",
      "  1.49825700e-04 7.65302800e-04 8.84269500e-04 5.40564200e-04\n",
      "  4.56074500e-04 5.15451400e-04 1.18860290e-03 2.29867490e-03\n",
      "  3.83353690e-03 5.88963892e-02 6.51443800e-04 9.57693000e-05\n",
      "  3.33064200e-04]\n",
      " [2.02605200e-04 2.97948800e-04 2.23674400e-04 1.11305200e-04\n",
      "  1.30246200e-04 1.17732340e-03 5.49715500e-04 1.51741100e-04\n",
      "  1.27479500e-04 5.80361700e-04 5.51843700e-04 5.17366800e-04\n",
      "  4.83103000e-05 6.51443800e-04 5.82617580e-03 4.98000000e-05\n",
      "  1.24925700e-04]\n",
      " [5.76744000e-05 1.21308000e-05 6.17180000e-06 5.95900000e-06\n",
      "  2.14949000e-05 4.61821000e-05 1.70256000e-05 6.81030000e-06\n",
      "  6.59740000e-06 1.85154000e-05 1.80897000e-05 2.27718000e-05\n",
      "  3.40510000e-06 9.57693000e-05 4.98000000e-05 4.93041410e-03\n",
      "  1.53231000e-05]\n",
      " [1.95582100e-04 1.05133400e-04 7.36359000e-05 5.93769000e-05\n",
      "  2.34103000e-05 5.10769000e-05 8.98103000e-05 3.12846000e-05\n",
      "  2.02180000e-05 9.44923000e-05 5.32051400e-04 3.80948800e-04\n",
      "  5.74620000e-06 3.33064200e-04 1.24925700e-04 1.53231000e-05\n",
      "  1.26968750e-03]]\n"
     ]
    }
   ],
   "source": [
    "#remove nan as a node\n",
    "#use normalized edge weights and node weights\n",
    "#Undirected graph\n",
    "\n",
    "G3 = nx.Graph()\n",
    "\n",
    "node_name = df_category_freq['site_description']\n",
    "node_weight = category_df_norm['normalized_site_visit_counts']\n",
    "\n",
    "nw_dict = dict(zip(node_name, node_weight))\n",
    "\n",
    "edges = weights_df['edge_path']\n",
    "\n",
    "#nan has a float data type\n",
    "edges_clean = [e for e in edges if isinstance(e[1], str)]\n",
    "edge_clean_weights = weights_df[weights_df['edge_path'].isin(edges_clean)]['normalized_edge_path']\n",
    "\n",
    "ew_dict = dict(zip(edges_clean, edge_clean_weights))\n",
    "\n",
    "for nn in node_name:\n",
    "    G3.add_node(nn, weight=nw_dict[nn])\n",
    "\n",
    "for ew in ew_dict:\n",
    "    G3.add_edge(ew[0], ew[1], weight = ew_dict[ew])\n",
    "\n",
    "print(G3.nodes)\n",
    "#node weights\n",
    "print(G3.degree(weight = 'weight'))\n",
    "print(G3.edges)\n",
    "print(nx.adjacency_matrix(G3).todense())"
   ]
  },
  {
   "cell_type": "code",
   "execution_count": 88,
   "metadata": {},
   "outputs": [
    {
     "data": {
      "text/plain": [
       "[{'bbs',\n",
       "  'business',\n",
       "  'frontpage',\n",
       "  'health',\n",
       "  'living',\n",
       "  'local',\n",
       "  'misc',\n",
       "  'msn-news',\n",
       "  'msn-sports',\n",
       "  'news',\n",
       "  'on-air',\n",
       "  'opinion',\n",
       "  'sports',\n",
       "  'summary',\n",
       "  'tech',\n",
       "  'travel',\n",
       "  'weather'}]"
      ]
     },
     "execution_count": 88,
     "metadata": {},
     "output_type": "execute_result"
    }
   ],
   "source": [
    "sorted(nx.connected_components(G3), key = len, reverse=True)"
   ]
  },
  {
   "cell_type": "code",
   "execution_count": 73,
   "metadata": {},
   "outputs": [
    {
     "name": "stdout",
     "output_type": "stream",
     "text": [
      "['frontpage', 'news', 'tech', 'local', 'opinion', 'on-air', 'misc', 'weather', 'msn-news', 'health', 'living', 'business', 'msn-sports', 'sports', 'summary', 'bbs', 'travel']\n",
      "[('frontpage', 0.31029706790000006), ('news', 0.15535092629999997), ('tech', 0.057252988799999995), ('local', 0.14014425800000002), ('opinion', 0.061377238400000006), ('on-air', 0.1163990164), ('misc', 0.1206486175), ('weather', 0.15774430620000002), ('msn-news', 0.061356382099999995), ('health', 0.047294050099999985), ('living', 0.0312744077), ('business', 0.08355143890000002), ('msn-sports', 0.0690696379), ('sports', 0.13484396250000003), ('summary', 0.0171484429), ('bbs', 0.0102645489), ('travel', 0.004675455100000001)]\n",
